6 2 570.0 30.0 20.0 VN3
4 6 740.0 30.0 10.0 VN2
4 3 470.0 20.0 30.0 VN3
4 6 590.0 20.0 10.0 VN1
7 4 460.0 20.0 30.0 VN2
2 6 490.0 10.0 10.0 VN1
3 6 590.0 10.0 10.0 VN2
4 6 800.0 20.0 30.0 VN3
4 2 590.0 20.0 10.0 VN1
8 4 540.0 30.0 20.0 VN3
1 5 650.0 30.0 40.0 VN2
3 7 400.0 10.0 40.0 VN1
4 6 610.0 30.0 10.0 VN2
5 7 580.0 40.0 20.0 VN2
5 4 760.0 10.0 20.0 VN1
5 2 450.0 40.0 10.0 VN2
2 7 480.0 10.0 20.0 VN2
4 5 510.0 30.0 40.0 VN2
7 3 790.0 40.0 30.0 VN3
7 3 470.0 20.0 10.0 VN2
6 7 380.0 30.0 40.0 VN3
7 4 740.0 40.0 20.0 VN3
4 7 600.0 30.0 20.0 VN2
7 5 600.0 40.0 30.0 VN3
8 6 130.0 40.0 10.0 VN1
